c pr1002.tsp dataset with optimal solution: 259045
p 1002
v 1 1150 4000
v 2 1050 2750
v 3 1150 2250
v 4 1250 2050
v 5 1350 2350
v 6 1050 1550
v 7 3350 1700
v 8 3450 1450
v 9 3550 1600
v 10 3950 1700
v 11 4050 2000
v 12 4050 2150
v 13 4250 1650
v 14 4150 1500
v 15 4450 1450
v 16 4400 1700
v 17 4600 1850
v 18 4900 1550
v 19 5100 1550
v 20 5350 1450
v 21 4950 1700
v 22 4850 1900
v 23 4900 2050
v 24 5000 2150
v 25 5100 2050
v 26 5400 2050
v 27 5750 2000
v 28 5900 2050
v 29 5600 2250
v 30 5400 2300
v 31 5250 2250
v 32 5000 2350
v 33 5000 2550
v 34 5050 2800
v 35 5250 2750
v 36 5450 2750
v 37 5400 2950
v 38 5200 3150
v 39 5050 3100
v 40 4950 3300
v 41 5100 3600
v 42 5200 3650
v 43 5350 3750
v 44 5450 3750
v 45 5600 3750
v 46 5600 4250
v 47 5450 4250
v 48 5350 4150
v 49 5050 3800
v 50 4950 3500
v 51 4700 3500
v 52 4400 3700
v 53 4450 3500
v 54 4100 3500
v 55 4150 3300
v 56 4100 3150
v 57 4300 3300
v 58 4500 3150
v 59 4500 2950
v 60 4700 3000
v 61 4700 2800
v 62 4700 2500
v 63 4600 2350
v 64 4550 2500
v 65 4550 2800
v 66 4300 2800
v 67 4100 2950
v 68 3700 2800
v 69 3550 2800
v 70 3400 2700
v 71 3400 3200
v 72 3700 3100
v 73 3550 3300
v 74 3350 4250
v 75 3350 4650
v 76 3250 5200
v 77 4000 5050
v 78 4100 4750
v 79 3950 4650
v 80 3950 4250
v 81 4200 4150
v 82 4200 4550
v 83 4500 4400
v 84 4700 4350
v 85 4700 4750
v 86 4500 4800
v 87 4500 4950
v 88 4350 4750
v 89 4350 4900
v 90 4247 5150
v 91 4354 5256
v 92 4247 5256
v 93 4100 5250
v 94 4100 5350
v 95 4000 5550
v 96 4199 5554
v 97 4305 5554
v 98 4304 5447
v 99 4500 5450
v 100 4500 6050
v 101 4650 6000
v 102 4800 6100
v 103 5050 6050
v 104 5150 6150
v 105 5300 6050
v 106 5400 6050
v 107 5150 5500
v 108 5250 5350
v 109 5300 5150
v 110 5650 5350
v 111 5800 5350
v 112 5650 5500
v 113 5800 5500
v 114 5750 5700
v 115 5750 5850
v 116 5700 6000
v 117 5700 6150
v 118 5550 6000
v 119 5550 6150
v 120 6000 6600
v 121 6000 7000
v 122 5550 6650
v 123 5400 6550
v 124 5300 6450
v 125 5150 6550
v 126 5150 7000
v 127 5050 6550
v 128 4800 6500
v 129 4650 6400
v 130 4500 6550
v 131 4250 6700
v 132 4250 6350
v 133 4250 5950
v 134 4100 5850
v 135 3950 5950
v 136 3800 5950
v 137 3950 6350
v 138 3800 6350
v 139 3250 7000
v 140 3300 7450
v 141 3300 7550
v 142 3900 7850
v 143 4250 7800
v 144 4400 7750
v 145 4250 7300
v 146 4450 7450
v 147 4650 7450
v 148 4550 7650
v 149 4550 7900
v 150 4650 8150
v 151 4400 8250
v 152 4250 8250
v 153 4550 8750
v 154 4550 8950
v 155 4250 9250
v 156 4300 9450
v 157 4500 9750
v 158 4300 9950
v 159 4300 10150
v 160 4100 10150
v 161 3900 10150
v 162 4200 9850
v 163 4050 9700
v 164 4200 9450
v 165 4050 9200
v 166 3900 9250
v 167 3750 9500
v 168 3450 9450
v 169 3300 9350
v 170 3300 10650
v 171 3450 10450
v 172 3750 10500
v 173 3600 11100
v 174 3750 11200
v 175 3750 11400
v 176 3600 11600
v 177 3900 11550
v 178 3900 11400
v 179 3900 11150
v 180 4100 11150
v 181 4300 11150
v 182 4600 11100
v 183 4600 10850
v 184 4550 10550
v 185 4500 10250
v 186 5600 9750
v 187 5600 10250
v 188 5950 10250
v 189 6100 10250
v 190 6250 10200
v 191 6400 10300
v 192 6200 10300
v 193 6150 10400
v 194 5950 10550
v 195 5650 10550
v 196 5600 10850
v 197 5950 10850
v 198 6050 11050
v 199 6150 11050
v 200 6200 11150
v 201 5950 11150
v 202 5600 11100
v 203 5950 11650
v 204 6050 11550
v 205 6450 11550
v 206 6350 11350
v 207 6550 11350
v 208 6500 11150
v 209 6650 11050
v 210 6950 11250
v 211 6950 10650
v 212 7000 10500
v 213 7200 10500
v 214 7200 10200
v 215 7100 10250
v 216 7050 10400
v 217 6900 10450
v 218 6700 10300
v 219 6850 10200
v 220 7000 10050
v 221 6800 9950
v 222 7000 9800
v 223 7100 9750
v 224 7300 9650
v 225 7300 9350
v 226 7300 9150
v 227 7300 9000
v 228 7000 9000
v 229 6900 9000
v 230 6950 9250
v 231 6700 9150
v 232 6800 9350
v 233 6700 9650
v 234 6700 9800
v 235 6600 9800
v 236 6500 10050
v 237 6400 10050
v 238 6200 9950
v 239 6100 10050
v 240 6100 9800
v 241 5950 9750
v 242 6000 9600
v 243 6150 9200
v 244 6250 8950
v 245 6250 8850
v 246 6350 8850
v 247 6150 8600
v 248 6150 8500
v 249 6000 8450
v 250 6000 8600
v 251 5550 8950
v 252 5550 8750
v 253 5650 8150
v 254 5550 7900
v 255 5550 7650
v 256 5650 7450
v 257 5900 7350
v 258 5950 7650
v 259 6000 7850
v 260 6400 8350
v 261 6450 8600
v 262 6500 8700
v 263 6500 9000
v 264 6600 9000
v 265 6699 8856
v 266 6699 8750
v 267 6805 8749
v 268 6750 8600
v 269 6750 8500
v 270 6600 8000
v 271 6900 8350
v 272 7200 8000
v 273 7350 7650
v 274 7000 7350
v 275 7100 6750
v 276 7100 6600
v 277 6800 6000
v 278 6603 6057
v 279 6498 6057
v 280 6604 5950
v 281 6700 5800
v 282 6600 5700
v 283 6550 5500
v 284 6800 5500
v 285 7100 5500
v 286 7100 5100
v 287 7350 4900
v 288 7350 4750
v 289 7350 4150
v 290 7350 4050
v 291 7350 3900
v 292 7350 3800
v 293 6950 3900
v 294 6850 3800
v 295 6850 4050
v 296 6950 4150
v 297 6650 4900
v 298 6700 5050
v 299 6700 5300
v 300 6600 5200
v 301 6250 5500
v 302 6106 5606
v 303 5999 5607
v 304 5998 5500
v 305 6250 5000
v 306 6100 4800
v 307 6000 4450
v 308 6100 4400
v 309 6100 4150
v 310 6000 3950
v 311 6000 3800
v 312 5850 3750
v 313 5750 3450
v 314 5850 3050
v 315 6000 3200
v 316 6000 3300
v 317 6100 3650
v 318 6148 3556
v 319 6148 3450
v 320 6254 3557
v 321 6450 3750
v 322 6450 3650
v 323 6450 3450
v 324 6254 3206
v 325 6148 3206
v 326 6148 3099
v 327 6450 2950
v 328 6450 2800
v 329 6300 2800
v 330 6150 2800
v 331 6000 2800
v 332 6150 2300
v 333 6300 2300
v 334 6450 2300
v 335 8100 1700
v 336 8200 1450
v 337 8300 1600
v 338 8700 1700
v 339 8800 2000
v 340 8800 2150
v 341 9000 1650
v 342 8900 1500
v 343 9200 1450
v 344 9150 1700
v 345 9350 1850
v 346 9650 1550
v 347 9850 1550
v 348 10100 1450
v 349 9700 1700
v 350 9600 1900
v 351 9650 2050
v 352 9750 2150
v 353 9850 2050
v 354 10150 2050
v 355 10500 2000
v 356 10650 2050
v 357 10350 2250
v 358 10150 2300
v 359 10000 2250
v 360 9750 2350
v 361 9750 2550
v 362 9800 2800
v 363 10000 2750
v 364 10200 2750
v 365 10150 2950
v 366 9950 3150
v 367 9800 3100
v 368 9700 3300
v 369 9850 3600
v 370 9950 3650
v 371 10100 3750
v 372 10200 3750
v 373 10350 3750
v 374 10350 4250
v 375 10200 4250
v 376 10100 4150
v 377 9800 3800
v 378 9700 3500
v 379 9450 3500
v 380 9150 3700
v 381 9200 3500
v 382 8850 3500
v 383 8900 3300
v 384 8850 3150
v 385 9050 3300
v 386 9250 3150
v 387 9250 2950
v 388 9450 3000
v 389 9450 2800
v 390 9450 2500
v 391 9350 2350
v 392 9300 2500
v 393 9300 2800
v 394 9050 2800
v 395 8850 2950
v 396 8450 2800
v 397 8300 2800
v 398 8150 2700
v 399 8150 3200
v 400 8450 3100
v 401 8300 3300
v 402 8100 4250
v 403 8100 4650
v 404 8000 5200
v 405 8750 5050
v 406 8850 4750
v 407 8700 4650
v 408 8700 4250
v 409 8950 4150
v 410 8950 4550
v 411 9250 4400
v 412 9450 4350
v 413 9450 4750
v 414 9250 4800
v 415 9250 4950
v 416 9100 4750
v 417 9100 4900
v 418 8997 5150
v 419 9104 5256
v 420 8997 5256
v 421 8850 5250
v 422 8850 5350
v 423 8750 5550
v 424 8949 5554
v 425 9055 5554
v 426 9054 5447
v 427 9250 5450
v 428 9250 6050
v 429 9400 6000
v 430 9550 6100
v 431 9800 6050
v 432 9900 6150
v 433 10050 6050
v 434 10150 6050
v 435 9900 5500
v 436 10000 5350
v 437 10050 5150
v 438 10400 5350
v 439 10550 5350
v 440 10400 5500
v 441 10550 5500
v 442 10500 5700
v 443 10500 5850
v 444 10450 6000
v 445 10450 6150
v 446 10300 6000
v 447 10300 6150
v 448 10750 6600
v 449 10750 7000
v 450 10300 6650
v 451 10150 6550
v 452 10050 6450
v 453 9900 6550
v 454 9900 7000
v 455 9800 6550
v 456 9550 6500
v 457 9400 6400
v 458 9250 6550
v 459 9000 6700
v 460 9000 6350
v 461 9000 5950
v 462 8850 5850
v 463 8700 5950
v 464 8550 5950
v 465 8700 6350
v 466 8550 6350
v 467 8000 7000
v 468 8050 7450
v 469 8050 7550
v 470 8650 7850
v 471 9000 7800
v 472 9150 7750
v 473 9000 7300
v 474 9200 7450
v 475 9400 7450
v 476 9300 7650
v 477 9300 7900
v 478 9400 8150
v 479 9150 8250
v 480 9000 8250
v 481 9300 8750
v 482 9300 8950
v 483 9000 9250
v 484 9050 9450
v 485 9250 9750
v 486 9050 9950
v 487 9050 10150
v 488 8850 10150
v 489 8650 10150
v 490 8950 9850
v 491 8800 9700
v 492 8950 9450
v 493 8800 9200
v 494 8650 9250
v 495 8500 9500
v 496 8200 9450
v 497 8050 9350
v 498 8050 10650
v 499 8200 10450
v 500 8500 10500
v 501 8350 11100
v 502 8500 11200
v 503 8500 11400
v 504 8350 11600
v 505 8650 11550
v 506 8650 11400
v 507 8650 11150
v 508 8850 11150
v 509 9050 11150
v 510 9350 11100
v 511 9350 10850
v 512 9300 10550
v 513 9250 10250
v 514 10350 9750
v 515 10350 10250
v 516 10700 10250
v 517 10850 10250
v 518 11000 10200
v 519 11150 10300
v 520 10950 10300
v 521 10900 10400
v 522 10700 10550
v 523 10400 10550
v 524 10350 10850
v 525 10700 10850
v 526 10800 11050
v 527 10900 11050
v 528 10950 11150
v 529 10700 11150
v 530 10350 11100
v 531 10700 11650
v 532 10800 11550
v 533 11200 11550
v 534 11100 11350
v 535 11300 11350
v 536 11250 11150
v 537 11400 11050
v 538 11700 11250
v 539 11700 10650
v 540 11750 10500
v 541 11950 10500
v 542 11950 10200
v 543 11850 10250
v 544 11800 10400
v 545 11650 10450
v 546 11450 10300
v 547 11600 10200
v 548 11750 10050
v 549 11550 9950
v 550 11750 9800
v 551 11850 9750
v 552 12050 9650
v 553 12050 9350
v 554 12050 9150
v 555 12050 9000
v 556 11750 9000
v 557 11650 9000
v 558 11700 9250
v 559 11450 9150
v 560 11550 9350
v 561 11450 9650
v 562 11450 9800
v 563 11350 9800
v 564 11250 10050
v 565 11150 10050
v 566 10950 9950
v 567 10850 10050
v 568 10850 9800
v 569 10700 9750
v 570 10750 9600
v 571 10900 9200
v 572 11000 8950
v 573 11000 8850
v 574 11100 8850
v 575 10900 8600
v 576 10900 8500
v 577 10750 8450
v 578 10750 8600
v 579 10300 8950
v 580 10300 8750
v 581 10400 8150
v 582 10300 7900
v 583 10300 7650
v 584 10400 7450
v 585 10650 7350
v 586 10700 7650
v 587 10750 7850
v 588 11150 8350
v 589 11200 8600
v 590 11250 8700
v 591 11250 9000
v 592 11350 9000
v 593 11449 8856
v 594 11449 8750
v 595 11555 8749
v 596 11500 8600
v 597 11500 8500
v 598 11350 8000
v 599 11650 8350
v 600 11950 8000
v 601 12100 7650
v 602 11750 7350
v 603 11850 6750
v 604 11850 6600
v 605 11550 6000
v 606 11353 6057
v 607 11248 6057
v 608 11354 5950
v 609 11450 5800
v 610 11350 5700
v 611 11300 5500
v 612 11550 5500
v 613 11850 5500
v 614 11850 5100
v 615 12100 4900
v 616 12100 4750
v 617 12100 4150
v 618 12100 4050
v 619 12100 3900
v 620 12100 3800
v 621 11700 3900
v 622 11600 3800
v 623 11600 4050
v 624 11700 4150
v 625 11400 4900
v 626 11450 5050
v 627 11450 5300
v 628 11350 5200
v 629 11000 5500
v 630 10856 5606
v 631 10749 5607
v 632 10748 5500
v 633 11000 5000
v 634 10850 4800
v 635 10750 4450
v 636 10850 4400
v 637 10850 4150
v 638 10750 3950
v 639 10750 3800
v 640 10600 3750
v 641 10500 3450
v 642 10600 3050
v 643 10750 3200
v 644 10750 3300
v 645 10850 3650
v 646 10898 3556
v 647 10898 3450
v 648 11004 3557
v 649 11200 3750
v 650 11200 3650
v 651 11200 3450
v 652 11004 3206
v 653 10898 3206
v 654 10898 3099
v 655 11200 2950
v 656 11200 2800
v 657 11050 2800
v 658 10900 2800
v 659 10750 2800
v 660 10900 2300
v 661 11050 2300
v 662 11200 2300
v 663 12850 1700
v 664 12950 1450
v 665 13050 1600
v 666 13450 1700
v 667 13550 2000
v 668 13550 2150
v 669 13750 1650
v 670 13650 1500
v 671 13950 1450
v 672 13900 1700
v 673 14100 1850
v 674 14400 1550
v 675 14600 1550
v 676 14850 1450
v 677 14450 1700
v 678 14350 1900
v 679 14400 2050
v 680 14500 2150
v 681 14600 2050
v 682 14900 2050
v 683 15250 2000
v 684 15400 2050
v 685 15100 2250
v 686 14900 2300
v 687 14750 2250
v 688 14500 2350
v 689 14500 2550
v 690 14550 2800
v 691 14750 2750
v 692 14950 2750
v 693 14900 2950
v 694 14700 3150
v 695 14550 3100
v 696 14450 3300
v 697 14600 3600
v 698 14700 3650
v 699 14850 3750
v 700 14950 3750
v 701 15100 3750
v 702 15100 4250
v 703 14950 4250
v 704 14850 4150
v 705 14550 3800
v 706 14450 3500
v 707 14200 3500
v 708 13900 3700
v 709 13950 3500
v 710 13600 3500
v 711 13650 3300
v 712 13600 3150
v 713 13800 3300
v 714 14000 3150
v 715 14000 2950
v 716 14200 3000
v 717 14200 2800
v 718 14200 2500
v 719 14100 2350
v 720 14050 2500
v 721 14050 2800
v 722 13800 2800
v 723 13600 2950
v 724 13200 2800
v 725 13050 2800
v 726 12900 2700
v 727 12900 3200
v 728 13200 3100
v 729 13050 3300
v 730 12850 4250
v 731 12850 4650
v 732 12750 5200
v 733 13500 5050
v 734 13600 4750
v 735 13450 4650
v 736 13450 4250
v 737 13700 4150
v 738 13700 4550
v 739 14000 4400
v 740 14200 4350
v 741 14200 4750
v 742 14000 4800
v 743 14000 4950
v 744 13850 4750
v 745 13850 4900
v 746 13747 5150
v 747 13854 5256
v 748 13747 5256
v 749 13600 5250
v 750 13600 5350
v 751 13500 5550
v 752 13699 5554
v 753 13805 5554
v 754 13804 5447
v 755 14000 5450
v 756 14000 6050
v 757 14150 6000
v 758 14300 6100
v 759 14550 6050
v 760 14650 6150
v 761 14800 6050
v 762 14900 6050
v 763 14650 5500
v 764 14750 5350
v 765 14800 5150
v 766 15150 5350
v 767 15300 5350
v 768 15150 5500
v 769 15300 5500
v 770 15250 5700
v 771 15250 5850
v 772 15200 6000
v 773 15200 6150
v 774 15050 6000
v 775 15050 6150
v 776 15500 6600
v 777 15500 7000
v 778 15050 6650
v 779 14900 6550
v 780 14800 6450
v 781 14650 6550
v 782 14650 7000
v 783 14550 6550
v 784 14300 6500
v 785 14150 6400
v 786 14000 6550
v 787 13750 6700
v 788 13750 6350
v 789 13750 5950
v 790 13600 5850
v 791 13450 5950
v 792 13300 5950
v 793 13450 6350
v 794 13300 6350
v 795 12750 7000
v 796 12800 7450
v 797 12800 7550
v 798 13400 7850
v 799 13750 7800
v 800 13900 7750
v 801 13750 7300
v 802 13950 7450
v 803 14150 7450
v 804 14050 7650
v 805 14050 7900
v 806 14150 8150
v 807 13900 8250
v 808 13750 8250
v 809 14050 8750
v 810 14050 8950
v 811 13750 9250
v 812 13800 9450
v 813 14000 9750
v 814 13800 9950
v 815 13800 10150
v 816 13600 10150
v 817 13400 10150
v 818 13700 9850
v 819 13550 9700
v 820 13700 9450
v 821 13550 9200
v 822 13400 9250
v 823 13250 9500
v 824 12950 9450
v 825 12800 9350
v 826 12800 10650
v 827 12950 10450
v 828 13250 10500
v 829 13100 11100
v 830 13250 11200
v 831 13250 11400
v 832 13100 11600
v 833 13400 11550
v 834 13400 11400
v 835 13400 11150
v 836 13600 11150
v 837 13800 11150
v 838 14100 11100
v 839 14100 10850
v 840 14050 10550
v 841 14000 10250
v 842 15100 9750
v 843 15100 10250
v 844 15450 10250
v 845 15600 10250
v 846 15750 10200
v 847 15900 10300
v 848 15700 10300
v 849 15650 10400
v 850 15450 10550
v 851 15150 10550
v 852 15100 10850
v 853 15450 10850
v 854 15550 11050
v 855 15650 11050
v 856 15700 11150
v 857 15450 11150
v 858 15100 11100
v 859 15450 11650
v 860 15550 11550
v 861 15950 11550
v 862 15850 11350
v 863 16050 11350
v 864 16000 11150
v 865 16150 11050
v 866 16450 11250
v 867 16450 10650
v 868 16500 10500
v 869 16700 10500
v 870 16700 10200
v 871 16600 10250
v 872 16550 10400
v 873 16400 10450
v 874 16200 10300
v 875 16350 10200
v 876 16500 10050
v 877 16300 9950
v 878 16500 9800
v 879 16600 9750
v 880 16800 9650
v 881 16800 9350
v 882 16800 9150
v 883 16800 9000
v 884 16500 9000
v 885 16400 9000
v 886 16450 9250
v 887 16200 9150
v 888 16300 9350
v 889 16200 9650
v 890 16200 9800
v 891 16100 9800
v 892 16000 10050
v 893 15900 10050
v 894 15700 9950
v 895 15600 10050
v 896 15600 9800
v 897 15450 9750
v 898 15500 9600
v 899 15650 9200
v 900 15750 8950
v 901 15750 8850
v 902 15850 8850
v 903 15650 8600
v 904 15650 8500
v 905 15500 8450
v 906 15500 8600
v 907 15050 8950
v 908 15050 8750
v 909 15150 8150
v 910 15050 7900
v 911 15050 7650
v 912 15150 7450
v 913 15400 7350
v 914 15450 7650
v 915 15500 7850
v 916 15900 8350
v 917 15950 8600
v 918 16000 8700
v 919 16000 9000
v 920 16100 9000
v 921 16199 8856
v 922 16199 8750
v 923 16305 8749
v 924 16250 8600
v 925 16250 8500
v 926 16100 8000
v 927 16400 8350
v 928 16700 8000
v 929 16850 7650
v 930 16500 7350
v 931 16600 6750
v 932 16600 6600
v 933 16300 6000
v 934 16103 6057
v 935 15998 6057
v 936 16104 5950
v 937 16200 5800
v 938 16100 5700
v 939 16050 5500
v 940 16300 5500
v 941 16600 5500
v 942 16600 5100
v 943 16850 4900
v 944 16850 4750
v 945 16850 4150
v 946 16850 4050
v 947 16850 3900
v 948 16850 3800
v 949 16450 3900
v 950 16350 3800
v 951 16350 4050
v 952 16450 4150
v 953 16150 4900
v 954 16200 5050
v 955 16200 5300
v 956 16100 5200
v 957 15750 5500
v 958 15606 5606
v 959 15499 5607
v 960 15498 5500
v 961 15750 5000
v 962 15600 4800
v 963 15500 4450
v 964 15600 4400
v 965 15600 4150
v 966 15500 3950
v 967 15500 3800
v 968 15350 3750
v 969 15250 3450
v 970 15350 3050
v 971 15500 3200
v 972 15500 3300
v 973 15600 3650
v 974 15648 3556
v 975 15648 3450
v 976 15754 3557
v 977 15950 3750
v 978 15950 3650
v 979 15950 3450
v 980 15754 3206
v 981 15648 3206
v 982 15648 3099
v 983 15950 2950
v 984 15950 2800
v 985 15800 2800
v 986 15650 2800
v 987 15500 2800
v 988 15650 2300
v 989 15800 2300
v 990 15950 2300
v 991 6450 4950
v 992 11200 4950
v 993 15950 4950
v 994 5050 5750
v 995 5050 8450
v 996 5050 11650
v 997 9800 5750
v 998 9800 8450
v 999 9800 11650
v 1000 14550 5750
v 1001 14550 8450
v 1002 14550 11650
q 146
